691
281 280 0
1164 280 0
38 280 0
145 751 0
145 1764 0
2091 280 0
119 2088 0
2088 280 0
452 2088 0
68 2088 0
2066 1068 0
553 353 0
2067 353 0
2064 2539 0
2085 280 0
2082 281 0
2084 284 0
2077 284 0
2071 280 0
2076 281 0
1334 2071 0
284 280 0
280 508 0
280 1764 0
833 287 0
1320 287 0
1322 287 0
170 287 0
1321 765 0
764 765 0
2048 765 0
2053 833 0
48 287 0
1033 833 0
511 1071 0
2060 202 0
2059 48 0
1324 833 0
2058 48 0
237 508 0
237 564 0
373 135 0
2353 1401 0
2343 135 0
2356 2364 0
2356 1666 0
2342 1401 0
422 930 0
234 930 0
2350 2342 0
2340 13 0
2341 1400 0
423 135 0
13 1400 0
483 2343 0
2348 2360 0
2348 2346 0
2351 373 0
2358 2356 0
2358 2360 0
2346 2363 0
2346 1666 0
2354 2343 0
109 490 0
2364 821 0
563 373 0
775 243 0
535 1500 0
2360 1666 0
2362 109 0
832 109 0
2363 2359 0
2363 815 0
1401 826 0
1055 1500 0
2359 292 0
739 373 0
2361 2363 0
1400 825 0
351 2343 0
765 490 0
1402 490 0
1404 490 0
319 846 0
1403 845 0
396 490 0
534 1462 0
1057 364 0
2317 1943 0
2317 63 0
1389 1462 0
1391 364 0
2320 106 0
2320 1943 0
889 890 0
889 2293 0
1167 190 0
888 1954 0
888 890 0
296 1942 0
1043 1954 0
1043 1514 0
2314 106 0
2314 2321 0
912 280 0
225 1711 0
159 227 0
159 1954 0
593 364 0
2321 1942 0
2312 63 0
2312 2321 0
2319 2659 0
2332 423 0
2335 238 0
2325 423 0
1108 165 0
2324 1924 0
2331 423 0
1395 423 0
2333 238 0
2323 134 0
2328 2659 0
2322 2659 0
507 1911 0
2326 423 0
2327 2659 0
370 311 0
144 311 0
2337 2354 0
1392 423 0
2334 1246 0
784 349 0
1393 349 0
2286 606 0
2286 619 0
2288 606 0
2279 833 0
207 1320 0
2270 128 0
1076 128 0
591 1404 0
2274 781 0
2275 231 0
718 781 0
619 231 0
2272 781 0
2273 231 0
2282 1387 0
2283 205 0
548 606 0
849 239 0
1387 606 0
2277 239 0
2278 1387 0
321 202 0
2303 848 0
2304 226 0
2306 848 0
2307 226 0
2290 1384 0
1388 676 0
235 632 0
2301 226 0
169 1322 0
763 170 0
2299 851 0
2300 226 0
2292 1186 0
2293 814 0
2297 2295 0
2308 2294 0
2294 497 0
2298 2295 0
2302 2294 0
2309 226 0
1104 241 0
2295 226 0
2305 2294 0
2241 1294 0
575 505 0
576 111 0
2250 1293 0
2250 2220 0
246 1379 0
2248 1035 0
2237 352 0
2239 2238 0
2240 2266 0
2240 2239 0
2240 1991 0
2247 1382 0
1087 52 0
2246 2239 0
2246 1993 0
2246 2244 0
2236 352 0
2238 1294 0
1089 2242 0
2244 1293 0
2251 352 0
222 1380 0
222 239 0
1088 2242 0
2245 2244 0
2245 612 0
2249 1382 0
684 688 0
2252 2220 0
2252 1294 0
2242 52 0
2243 2224 0
1382 352 0
708 1402 0
2265 133 0
2266 2241 0
2254 352 0
47 302 0
2267 128 0
2268 703 0
2253 52 0
2263 765 0
2264 133 0
427 396 0
522 781 0
2255 619 0
2255 581 0
2256 581 0
44 781 0
1384 1975 0
521 781 0
1092 128 0
885 302 0
1383 228 0
1385 302 0
1094 2267 0
2269 703 0
1093 2267 0
2205 293 0
2211 404 0
2203 293 0
2203 2224 0
2217 671 0
2218 685 0
578 2193 0
2210 451 0
1376 854 0
1376 404 0
611 173 0
2208 2205 0
2208 611 0
2208 1991 0
2213 221 0
505 133 0
1077 2193 0
1377 110 0
1377 854 0
1377 173 0
2219 685 0
1097 807 0
2212 293 0
2225 703 0
2225 2224 0
2220 2224 0
2233 123 0
308 205 0
2232 123 0
2224 228 0
854 2224 0
502 1379 0
2231 2229 0
1378 2266 0
1378 1993 0
2221 221 0
2222 2205 0
2222 1991 0
2227 221 0
2228 2226 0
204 687 0
204 205 0
239 205 0
2229 221 0
2230 2226 0
360 205 0
215 977 0
807 977 0
1052 208 0
357 977 0
2184 941 0
2180 680 0
2182 941 0
285 180 0
2176 774 0
2177 208 0
248 180 0
2173 215 0
2185 2042 0
27 180 0
2175 774 0
2181 214 0
2191 2178 0
2178 179 0
2183 214 0
2188 2178 0
2192 214 0
376 606 0
2189 2178 0
1375 2193 0
198 2193 0
1138 671 0
184 180 0
182 27 0
2197 184 0
545 184 0
133 205 0
2195 140 0
221 205 0
194 2193 0
1081 371 0
2193 133 0
1100 215 0
209 977 0
174 2197 0
371 977 0
175 2197 0
2198 2564 0
671 977 0
2201 208 0
2196 215 0
140 209 0
45 184 0
2153 210 0
1365 2152 0
43 342 0
1366 2162 0
573 213 0
1367 2162 0
2152 551 0
2161 213 0
2154 551 0
2164 551 0
2158 551 0
2160 213 0
2162 551 0
2163 551 0
2166 212 0
2169 551 0
1370 2152 0
176 541 0
1065 212 0
1371 541 0
941 680 0
2171 1317 0
1368 541 0
989 801 0
2170 210 0
1374 2169 0
1369 2169 0
686 1317 0
1372 541 0
1373 2169 0
1355 2139 0
557 2139 0
1354 2139 0
2140 1892 0
1356 1892 0
2139 193 0
1353 2140 0
1358 1891 0
2141 1892 0
1357 1892 0
18 213 0
1359 342 0
2142 342 0
4 213 0
2146 343 0
2151 343 0
2143 343 0
1361 224 0
2144 343 0
1364 605 0
1360 605 0
1362 605 0
1363 605 0
1885 1888 0
1888 178 0
1883 472 0
1886 1888 0
1887 1888 0
1884 931 0
1889 931 0
1172 472 0
472 790 0
472 262 0
1118 262 0
1892 193 0
1270 1890 0
1891 1892 0
1273 1892 0
1890 193 0
1274 1276 0
1271 1890 0
1272 1890 0
1275 1276 0
1276 195 0
1877 332 0
1872 332 0
1876 790 0
1876 262 0
1875 332 0
1868 332 0
1873 332 0
1874 332 0
1871 200 0
1869 200 0
1870 200 0
1882 262 0
790 262 0
1121 1879 0
1878 1879 0
1881 262 0
1117 1879 0
735 1119 0
1119 262 0
1879 262 0
1880 262 0
2420 2418 0
2419 2418 0
2412 2408 0
2413 2408 0
1443 1690 0
2411 1690 0
2407 1690 0
2427 2432 0
2431 2417 0
2423 2417 0
2414 2421 0
2415 2421 0
2406 2402 0
2405 2402 0
664 85 0
1433 85 0
2402 85 0
2401 85 0
1181 251 0
1434 251 0
482 251 0
1432 251 0
2403 2402 0
2409 1690 0
1444 1690 0
2410 1690 0
240 187 0
1438 177 0
1442 1690 0
91 187 0
1435 1690 0
1439 85 0
2404 177 0
1436 177 0
641 1423 0
690 785 0
255 1423 0
2391 250 0
1424 251 0
2388 251 0
1421 250 0
1423 785 0
2393 251 0
550 251 0
2385 2383 0
785 179 0
680 178 0
2387 83 0
249 786 0
1419 83 0
180 785 0
1422 251 0
1425 251 0
2390 251 0
691 251 0
253 1426 0
1429 1428 0
2398 1428 0
1426 1427 0
1431 251 0
379 253 0
1430 1428 0
2395 1428 0
717 1150 0
1151 1150 0
1428 251 0
2397 1428 0
683 1427 0
2396 1428 0
1427 262 0
2399 251 0
616 251 0
179 262 0
2377 83 0
2602 2589 1
2603 2589 1
2604 2510 1
2605 794 1
1464 734 1
426 734 1
1465 353 1
2608 861 1
961 353 1
2609 2612 1
211 2623 1
2610 2495 1
2611 353 1
2612 2728 1
1466 2626 1
2613 2496 1
2615 2612 1
1467 2626 1
2616 1448 1
1468 2626 1
2617 511 1
2618 2589 1
2619 853 1
2620 2612 1
2621 2385 1
2622 853 1
2623 1118 1
956 353 1
2624 2612 1
853 2318 1
962 353 1
2625 2728 1
2626 990 1
2626 2623 1
1149 144 1
2627 812 1
2628 473 1
2629 143 1
2630 301 1
2631 301 1
2632 2617 1
2633 473 1
2634 201 1
2635 473 1
1469 1770 1
2637 473 1
2638 1770 1
2640 473 1
2642 1470 1
1470 1149 1
278 39 1
2645 2627 1
34 473 1
2647 2605 1
36 473 1
529 2634 1
2649 2636 1
2650 2639 1
762 1161 1
577 1161 1
709 1161 1
2651 374 1
2652 374 1
2654 2657 1
2655 459 1
2657 2627 1
2658 459 1
2660 2605 1
2661 459 1
2662 2617 1
2663 459 1
378 1161 1
2664 301 1
2665 1161 1
2666 2636 1
2667 301 1
1161 812 1
2668 2639 1
2669 301 1
850 1149 1
2670 301 1
2671 374 1
2672 1581 1
2673 1590 1
2674 1591 1
528 2634 1
2677 374 1
137 812 1
2678 2674 1
2679 374 1
530 1585 1
2680 374 1
2682 1578 1
2683 374 1
862 812 1
1473 1579 1
2684 374 1
2685 374 1
495 330 1
495 2534 1
2686 374 1
136 812 1
2687 2672 1
2688 374 1
203 812 1
2689 2673 1
2690 374 1
2691 374 1
432 2534 1
165 330 1
165 2666 1
750 143 1
756 143 1
60 143 1
2694 2701 1
1062 2701 1
2695 143 1
1475 143 1
349 330 1
349 2666 1
748 143 1
2698 879 1
747 143 1
2699 879 1
2701 143 1
2703 2714 1
761 143 1
1478 143 1
1479 2714 1
2704 1036 1
313 2714 1
1060 1036 1
348 2714 1
2705 143 1
428 143 1
2707 2714 1
755 143 1
2708 2714 1
753 143 1
341 587 1
899 143 1
831 2714 1
1036 143 1
2710 2714 1
2711 2714 1
363 2714 1
2712 2714 1
769 1478 1
238 2594 1
134 2534 1
1061 2717 1
2713 2716 1
2715 160 1
1156 2716 1
1156 335 1
149 160 1
2717 143 1
661 1176 1
1059 2717 1
2718 2714 1
1480 143 1
2719 2713 1
2719 469 1
1133 143 1
2720 2713 1
368 2714 1
772 143 1
2721 2713 1
160 143 1
2723 2725 1
987 2724 1
741 143 1
760 2724 1
17 143 1
623 2713 1
623 335 1
2725 2462 1
1483 1680 1
429 143 1
430 143 1
1135 143 1
1486 1680 1
434 143 1
1487 2724 1
55 143 1
266 2724 1
431 143 1
857 2724 1
857 1998 1
1134 143 1
2736 143 1
